282624
282624
282624
282624
282624
286720
286720
286720
286720
286720
286848
286848
286848
286848
286848
287104
287104
287104
287104
287104
287360
287360
287360
287360
287360
287616
287616
287616
287616
287616
287872
287872
287872
287872
287872
288128
288128
288128
288128
288128
288384
288384
288384
288384
288384
288640
288640
288640
288640
288640
288896
288896
288896
288896
288896
289152
289152
289152
289152
289152
289408
289408
289408
289408
289408
289664
289664
289664
289664
289664
289920
289920
289920
289920
289920
290176
290176
290176
290176
290176
290432
290432
290432
290432
290432
290688
290688
290688
290688
290688
290944
290944
290944
290944
290944
291200
291200
291200
291200
291200
291456
291456
291456
291456
291456
291712
291712
291712
291712
291712
291968
291968
291968
291968
291968
292224
292224
292224
292224
292224
292480
292480
292480
292480
292480
292736
292736
292736
292736
292736
292992
292992
292992
292992
292992
293336
293336
293336
293336
293336
293632
293632
293632
293632
293632
240385736
240385736
240385736
240385736
14575680
14575680
14575680
14575680
384461536
384461536
384461536
384461536
329413352
329413352
329413352
329413352
805698992
805698992
805698992
805698992
209059248
209059248
209059248
209059248
291634608
291634608
291634608
291634608
182451896
182451896
182451896
182451896
240385736
14575680
384461536
329413352
805698992
209059248
291634608
182451896
278527408
278527408
278527408
278527408
751959472
751959472
751959472
751959472
278527408
751959472
541261488
541261488
541261488
541261488
280886704
280886704
280886704
280886704
676462000
676462000
676462000
676462000
903216560
903216560
903216560
903216560
541261488
280886704
676462000
903216560
225452760
225452760
225452760
225452760
559283632
559283632
559283632
559283632
225452760
559283632
804355296
804355296
804355296
804355296
602799536
602799536
602799536
602799536
804355296
602799536
30146408
30146408
30345576
30345576
30146408
30345576
30146408
30345576
30146408
30345576
190840680
190840680
190873600
190873600
190840680
190873600
190840680
190873600
190840680
190873600
257320896
257320896
257320896
257320896
257320896
629222496
629222496
629222496
629222496
629222496
595787440
595787440
595787440
595787440
154271152
154271152
154271152
154271152
928120240
928120240
928120240
928120240
595787440
154271152
928120240
324271976
324271976
324419344
324419344
324271976
324419344
324271976
324419344
324271976
324419344
856292784
856292784
856292784
856292784
314310384
314310384
314310384
314310384
856292784
762183088
762183088
762183088
762183088
327548336
327548336
327548336
327548336
954858928
954858928
954858928
954858928
314310384
762183088
435551664
435551664
435551664
435551664
327548336
954858928
435551664
891942848
891942848
891942848
891942848
891942848
991034800
991034800
991034800
991034800
991034800
787611056
787611056
787611056
787611056
787611056
208102920
208102920
208102920
208102920
478543280
478543280
478543280
478543280
208102920
213829088
213829088
213829088
213829088
478543280
213829088
892730800
892730800
892730800
892730800
442105264
442105264
442105264
442105264
892730800
442105264
537067184
537067184
537067184
537067184
537067184
162659760
162659760
162659760
162659760
162659760
650771888
650771888
650771888
650771888
906165936
906165936
906165936
906165936
650771888
906165936
82036176
82036176
82036176
82036176
82036176
943696832
943696832
943696832
943696832
939720368
939720368
939720368
939720368
943696832
939720368
13499824
13499824
13499824
13499824
278948936
278948936
278948936
278948936
524942768
524942768
524942768
524942768
13499824
278948936
524942768
242089392
242089392
242089392
242089392
27131312
27131312
27131312
27131312
242089392
313392560
313392560
313392560
313392560
27131312
313392560
531231592
531231592
531231592
531231592
100380704
531231592
100380704
100380704
100380704
433978800
433978800
433978800
433978800
100380704
433978800
1973688
1973688
1973688
1973688
1973688
202767784
202767784
202767784
202767784
202767784
298188208
298188208
298188208
298188208
879099312
879099312
879099312
879099312
697695664
697695664
697695664
697695664
298188208
480747792
480747792
480747824
480747824
480747792
480747824
480747792
480747824
879099312
480747792
697695664
480747824
741517368
741517368
741517416
741517416
741517368
741517416
741517368
741517416
741517368
227238008
227238008
227238008
227238008
592707416
592707416
593377776
593377776
592707416
593377776
592707416
593377776
741517416
227238008
196476336
196476336
196476336
196476336
592707416
593377776
674889136
674889136
674889136
674889136
196476336
105774512
105774512
105774512
105774512
674889136
899121664
899121664
899121664
899121664
105774512
899121664
401893136
401893136
401893376
401893376
401893136
401893376
401893136
401893376
401893136
401893376
927411384
927411384
927411384
927411384
927411384
659937240
659937240
659937240
659937240
659937240
569114472
569114472
569442304
569442304
569114472
569442304
569114472
569442304
569114472
569442304
717988200
717988200
717988200
717988200
717988200
206175664
206175664
206175664
206175664
993918160
993918160
993918160
993918160
614845368
614845368
614845368
614845368
206175664
993918160
614845368
569285632
569285632
569285632
569285632
718209536
718209536
718209536
718209536
569285632
718209536
158859112
158859112
159252920
159252920
158859112
159252920
158859112
159252920
158859112
159252920
716850664
716850664
716850664
716850664
253885872
253885872
253885872
253885872
479329712
479329712
479329712
479329712
716850664
815398264
815398264
815398264
815398264
253885872
479329712
815398264
246406216
246406216
246406216
246406216
246406216
638975408
638975408
638975408
638975408
480640432
480640432
480640432
480640432
638975408
480640432
855244208
855244208
855244208
855244208
552730040
552730040
552730040
552730040
855244208
552730040
397802928
397802928
397802928
397802928
397802928
157416880
157416880
157416880
157416880
245759408
245759408
245759408
245759408
157416880
245759408
535166384
535166384
535166384
535166384
524680624
524680624
524680624
524680624
535166384
524680624
91183288
91183288
91183288
91183288
925302152
925302152
925302152
925302152
91183288
159101000
159101000
159101000
159101000
925302152
159101000
89253288
89253288
89253288
89253288
921042344
921042344
921042344
921042344
89253288
921042344
318968
318968
318968
318968
318968
471858800
471858800
471858800
471858800
471858800
156939176
156939176
156939176
156939176
651658728
651658728
651658728
651658728
156939176
651658728
291241824
291241824
291373496
291373496
291241824
291373496
291241824
291373496
517996280
517996280
517996280
517996280
291241824
291373496
517996280
410123696
410123696
410123696
410123696
410123696
919993776
919993776
919993776
919993776
919993776
370611080
370611080
370611080
370611080
370611080
829291952
829291952
829291952
829291952
170130648
170130648
170130648
170130648
829291952
170130648
264765288
264765288
264896952
264896952
264765288
264896952
264765288
264896952
264765288
264896952
175242672
175242672
175242672
175242672
175242672
103939496
103939496
103939496
103939496
103939496
974257584
974257584
974257584
974257584
974257584
927279872
927279872
927279872
927279872
927279872
642645424
642645424
642645424
642645424
526909216
526909216
511312760
511312760
511312760
526909216
511312760
526909216
642645424
511312760
526909216
969932632
969932632
970064312
970064312
969932632
970064312
969932632
970064312
722337200
722337200
722337200
722337200
969932632
301989736
301989736
302187200
302187200
301989736
302187200
301989736
302187200
970064312
722337200
301989736
302187200
941096784
941096784
941228472
941228472
941096784
941228472
941096784
941228472
941096784
941228472
37486440
37486440
37618104
37618104
37486440
37618104
37486440
37618104
37486440
171966304
171966304
172163768
172163768
171966304
172163768
171966304
172163768
37618104
171966304
172163768
630718312
630718312
630816768
630816768
630718312
630816768
630718312
630816768
630718312
630816768
470154672
470154672
470154672
470154672
470154672
831651248
831651248
831651248
831651248
831651248
998407728
998407728
998407728
998407728
998407728
682229160
682229160
682229160
682229160
682229160
69897256
69897256
69897256
69897256
504869968
504869968
504869968
504869968
69897256
504869968
714997168
714997168
714997168
714997168
714997168
949470656
949470656
949470656
949470656
489553328
489553328
489553328
489553328
949470656
489553328
787348912
787348912
787348912
787348912
787348912
509476272
509476272
509476272
509476272
431881648
431881648
431881648
431881648
509476272
431881648
384302952
384302952
384434616
384434616
384302952
384434616
384302952
384434616
384302952
384434616
62382816
62382816
62382816
62382816
62382816
74970272
74970272
74970272
74970272
74970272
697171376
697171376
697171376
697171376
327810480
327810480
327810480
327810480
697171376
327810480
442629552
442629552
442629552
442629552
442629552
650607712
650607712
650607712
650607712
650607712
891027296
891027296
891158976
891158976
891027296
891158976
891027296
891158976
891027296
891158976
142802608
142802608
142802608
142802608
532413928
532413928
532413928
532413928
579010224
579010224
579010224
579010224
142802608
579010224
532413928
54132144
54132144
54132144
54132144
458620328
458620328
458620328
458620328
54132144
462814640
462814640
462814640
462814640
458620328
462814640
110886616
110886616
110886616
110886616
48728656
48728656
48728656
48728656
110886616
48728656
507707048
507707048
507707048
507707048
446693200
446693200
447087032
447087032
446693200
447087032
446693200
447087032
507707048
446693200
447087032
885390760
885390760
885390760
885390760
424148840
424148840
424293632
424293632
424148840
424293632
424148840
424293632
885390760
424148840
424293632
144309680
144309680
144309680
144309680
598736744
598736744
598908264
598908264
598736744
598908264
598736744
598908264
144309680
598736744
598908264
361889200
361889200
361889200
361889200
605552424
605552424
605947104
605947104
605552424
605947104
605552424
605947104
361889200
605552424
605947104
861091384
861091384
861091384
861091384
861091384
514457008
514457008
514457008
514457008
331120568
331120568
331120600
331120600
331120568
331120600
331120568
331120600
514457008
331120568
331120600
232914352
232914352
232914352
232914352
232914352
717126360
717126360
717126360
717126360
473038256
473038256
473038256
473038256
717126360
473038256
527433568
527433568
527868816
527868816
527433568
527868816
527433568
527868816
527433568
468559224
468559224
468559424
468559424
468559224
468559424
527868816
468559224
468559424
825241032
825241032
825241032
825241032
468559224
312868272
312868272
312868272
312868272
468559424
825241032
312868272
289786928
289786928
289786928
289786928
289786928
675479216
675479216
675479216
675479216
675479216
782630320
782630320
782630320
782630320
782630320
667118560
667118560
667118560
667118560
667118560
864550728
864550728
864682432
864682432
864550728
864682432
864550728
864682432
864682432
864550728
859831952
859831952
859831952
859831952
859831952
44670560
44670560
44670560
44670560
44670560
609090992
609090992
609090992
609090992
609090992
757445992
757445992
757445992
757445992
757445992
982908336
982908336
982908336
982908336
982908336
469630384
469630384
469630384
469630384
469630384
510511944
510511944
510511944
510511944
510511944
284416208
284416208
284416392
284416392
284416208
284416392
284416208
284416392
284416208
284416392
410362824
410362824
410362824
410362824
410362824
315028568
315028568
315028568
315028568
682098384
682098384
682098384
682098384
315028568
682098384
244055896
244055896
244187584
244187584
244055896
244187584
244055896
244187584
244055896
244187584
226688688
226688688
226688688
226688688
226688688
90330672
90330672
90330672
90330672
480116136
480116136
480116136
480116136
90330672
480116136
858652080
858652080
858652080
858652080
734657968
734657968
734657968
734657968
4062640
4062640
617479600
617479600
4062640
617479600
4062640
617479600
74838760
74838760
788921776
74838760
788921776
788921776
74838760
788921776
858652080
734657968
4062640
617479600
74838760
788921776
512884144
512884144
512884144
512884144
512884144
469106096
469106096
469106096
469106096
469106096
690093488
690093488
690093488
690093488
355859888
355859888
355859888
355859888
527578592
527578592
527578592
527578592
450363192
450363192
450494912
450494912
16383408
450363192
16383408
450494912
16383408
450363192
407043760
450494912
16383408
407043760
407043760
407043760
690093488
942206544
942206544
942206544
942206544
355859888
450363192
527578592
16383408
450494912
942206544
407043760
765853104
765853104
765853104
765853104
787873200
787873200
787873200
787873200
765853104
787873200
100249192
100249192
100249192
100249192
822279848
822279848
822279848
822279848
100249192
822279848
467355920
467355920
467355920
467355920
39976368
39976368
39976368
39976368
467355920
39976368
590872408
590872408
591004096
591004096
590872408
591004096
590872408
591004096
743692584
743692584
743692584
743692584
625147568
625147568
625147568
625147568
590872408
743692584
591004096
625147568
55705008
55705008
55705008
55705008
55705008
883425120
883425120
883570176
883570176
883425120
883570176
883425120
883570176
316014000
316014000
316014000
316014000
93782560
93782560
93782560
93782560
883425120
883570176
316014000
856608456
856608456
856608456
856608456
93782560
856608456
980454576
980454576
980454576
980454576
672529840
672529840
672529840
672529840
980454576
672529840
669121968
669121968
669121968
669121968
641334704
641334704
641334704
641334704
669121968
641334704
684818880
684818880
684818880
684818880
684818880
106324240
106324240
106324240
106324240
106324240
788725424
788725424
788725424
788725424
232652208
232652208
232652208
232652208
788725424
232652208
517092568
517092568
517092568
517092568
41811376
41811376
41811376
41811376
517092568
475659696
475659696
475659696
475659696
896662960
896662960
896662960
896662960
249560728
249560728
249560728
249560728
41811376
475659696
435945216
435945216
435945216
435945216
896662960
249560728
435945216
519306808
519306808
519306808
519306808
519306808
924159000
924159000
924159000
924159000
924159000
840555984
840555984
840555984
840555984
840555984
832175232
832175232
832175232
832175232
490929840
490929840
490929840
490929840
832175232
206550888
206550888
206550888
206550888
490929840
37617072
37617072
37617072
37617072
206550888
12212736
12212736
12212736
12212736
37617072
12212736
953810344
953810344
953810344
953810344
953810344
695926448
695926448
695926448
695926448
695926448
260439480
260439480
260439480
260439480
260439480
217447856
217447856
217447856
217447856
217447856
713227960
713227960
713227960
713227960
713227960
454819680
454819680
454951360
454951360
454819680
454951360
454819680
454951360
454819680
454951360
129995480
129995480
129995480
129995480
141019664
141019664
141019664
141019664
129995480
141019664
792067504
792067504
792067504
792067504
792067504
448134584
448134584
448134584
448134584
859438520
859438520
859438520
859438520
952329072
448134584
952329072
952329072
952329072
859438520
952329072
438828912
438828912
434297608
434297608
434297608
438828912
434297608
438828912
150601144
150601144
150601144
150601144
432930224
432930224
432930224
884604344
432930224
884604344
884604344
884604344
434297608
150601144
438828912
432930224
884604344
29716720
29716720
29716720
29716720
29716720
867564984
867564984
867564984
867564984
867564984
482294760
482294760
482294760
482294760
582876440
582876440
567279472
567279472
582876440
582876440
566736120
566736120
566736120
567279472
566736120
567279472
939916424
939916424
939916424
939916424
482294760
898891616
898891616
566736120
886159536
886159536
886159536
898891616
886159536
582876440
898891616
567279472
104201296
104201296
104201296
104201296
939916424
886159536
898891616
104201296
954072392
954072392
954072392
954072392
905300840
905300840
905300840
905300840
606600800
606600800
606600800
606600800
954072392
905300840
606600800
191757752
191757752
191757752
191757752
24511384
24511384
24511384
24511384
344719024
344719024
344719024
186292168
344719024
186292168
186292168
186292168
191757752
24511384
344719024
186292168
14286264
14286264
14286264
14286264
786272
786272
926144
926144
786272
926144
786272
926144
14286264
786272
926144
620362992
620362992
620362992
620362992
129891768
129891768
129891768
129891768
620362992
129891768
898497976
898497976
898497976
898497976
555089256
555089256
555089256
555089256
898497976
555089256
122667312
122667312
122667312
122667312
165805240
165805240
165805240
165805240
852098488
852098488
852098488
852098488
122667312
165805240
852098488
346781104
346781104
346781104
346781104
346781104
962723256
962723256
962723256
962723256
994442680
994442680
994442680
994442680
139853080
139853080
139853080
139853080
559807760
962723256
559807760
559807760
521534896
521534896
559807760
521534896
521534896
600702392
600702392
600702392
600702392
994442680
139853080
559807760
521534896
600702392
480446520
480446520
480446520
480446520
404225896
404225896
404620592
404620592
404225896
404620592
404225896
404620592
480446520
404225896
404620592
420478496
420478496
420478496
420478496
420478496
254671440
254671440
254671440
254671440
994704824
994704824
994704824
994704824
254671440
994704824
831913400
831913400
831913400
831913400
343801272
343801272
343801272
343801272
625605864
625605864
625605864
625605864
831913400
343801272
625605864
886354984
886354984
886354984
892468664
892468664
892468664
886354984
892468664
34078256
34078256
34078256
34078256
886354984
892468664
34078256
599115800
599115800
599115800
599115800
294256056
294256056
294256056
294256056
599115800
294256056
987378544
987378544
987378544
987378544
258603968
258603968
258603968
258603968
987378544
258603968
222690744
222690744
222690744
222690744
222690744
257932864
257932864
257932864
257932864
815136184
815136184
815136184
815136184
915537256
915537256
915537256
915537256
378928568
378928568
378928568
378928568
257932864
448658872
448658872
448658872
448658872
815136184
915537256
378928568
448658872
611450296
611450296
611450296
611450296
985267640
985267640
985267640
985267640
407240120
407240120
407240120
407240120
611450296
985267640
407240120
230030704
230030704
230030704
230030704
230030704
905051576
905051576
905051576
905051576
905051576
773455104
773455104
773455104
773455104
10091960
10091960
10091960
10091960
773455104
10091960
47578552
47578552
47578552
47578552
987889080
987889080
987889080
987889080
47578552
987889080
445251000
445251000
445251000
445251000
59374552
59374552
59374552
59374552
445251000
851639992
851639992
851639992
851639992
734920120
734920120
734920120
734920120
59374552
851639992
734920120
7077728
7077728
7086088
7086088
7077728
7086088
7077728
7086088
48988992
48988992
48988992
48988992
280362424
280362424
280362424
280362424
7077728
7086088
48988992
280362424
205388544
205388544
205388544
205388544
205388544
609877432
609877432
609877432
609877432
609877432
44170560
44170560
44170560
44170560
107085232
107085232
107085232
107085232
645151024
645151024
645151024
645151024
748551600
748551600
748551600
748551600
316794856
316794856
316794856
316794856
44170560
107085232
645151024
748551600
129630672
129630672
129630672
129630672
316794856
414344248
414344248
414344248
414344248
455606080
455606080
455737792
455737792
455606080
455737792
455606080
455737792
129630672
414344248
455606080
455737792
707171872
707171872
707171872
707171872
707171872
425590200
425590200
425590200
425590200
205898456
205898456
205898456
205898456
425590200
205898456
73792944
73792944
73792944
73792944
465960176
465960176
465960176
465960176
918962456
918962456
918962456
918962456
73792944
465960176
918962456
53607864
53607864
53607864
53607864
53607864
776732392
776732392
776732392
776732392
351403448
351403448
351403448
351403448
776732392
351403448
990641944
990641944
991035832
991035832
990641944
991035832
990641944
991035832
610683744
610683744
610683744
610683744
991035832
990641944
610683744
928251744
928251744
928383424
928383424
928251744
928383424
928251744
928383424
477663728
477663728
477663728
477663728
928251744
928383424
477663728
201850736
201850736
201982392
201982392
201850736
201982392
201850736
201982392
201850736
824573368
824573368
824573368
824573368
201982392
892063184
892063184
892063184
892063184
824573368
167772000
167772000
892063184
168189952
168189952
167772000
168189952
167772000
168189952
850001336
850001336
850001336
850001336
434502960
434502960
434502960
434502960
167772000
273808824
273808824
273808824
273808824
168189952
850001336
434502960
273808824
887095064
887095064
887226800
887226800
887095064
887226800
887095064
887226800
887095064
887226800
203685744
203685744
204382336
204382336
203685744
204382336
203685744
204382336
203685744
204382336
102366648
102366648
102366648
102366648
102366648
169606872
169606872
169606872
169606872
169606872
983564088
983564088
983708928
983708928
983564088
983708928
983564088
983708928
983564088
983708928
350171216
873450096
350171216
873450096
350171216
873450096
350171216
873450096
861929192
861929192
861929192
861929192
350171216
873450096
861929192
307232624
307232624
300618088
300618088
300618088
307232624
300618088
307232624
300618088
842414280
842414280
842414280
41549240
41549240
842414280
41549240
41549240
307232624
842414280
41549240
371982120
371982120
372113848
372113848
371982120
372113848
371982120
372113848
371982120
372113848
53898272
53898272
53898272
53898272
53898272
627703216
627703216
627703216
627703216
106692120
106692120
106692120
106692120
197787064
197787064
197787064
627703216
197787064
106692120
263978768
263978768
263075072
263075072
263075072
263978768
263075072
263978768
197787064
263075072
263978768
661389096
661389096
661520824
661520824
661389096
661520824
661389096
661520824
661389096
661520824
921698032
921698032
921698032
921698032
921698032
479461216
479461216
479592896
479592896
479461216
479592896
479461216
479592896
411434424
411434424
411434424
411434424
603585640
603585640
603585640
603585640
436627704
436627704
436627704
436627704
479461216
479592896
411434424
603585640
436627704
298581568
298581568
298581568
298581568
298581568
810024720
810024720
810169600
810169600
810024720
810169600
810024720
810169600
810024720
810169600
467926656
467926656
467926656
467926656
92143032
92143032
92143032
92143032
467926656
92143032
180709960
180709960
180709960
180709960
180709960
209452840
209452840
209595448
209595448
209452840
209595448
209452840
209595448
209595448
209452840
568065760
568065760
568065760
568065760
959970848
959970848
959970848
959970848
707395000
707395000
568065760
707395000
707395000
180565776
180565776
180565776
180565776
647127248
647127248
647127248
647127248
959970848
707395000
180565776
647127248
797441712
797441712
797441712
797441712
797441712
98958776
98958776
98958776
98958776
98958776
437453136
437453136
437453136
437453136
437453136
185794416
185794416
185794416
185794416
185794416
945028888
945028888
945094656
945094656
945028888
945094656
945028888
945094656
945028888
945094656
988675512
988675512
988675512
988675512
209582984
209582984
209582984
209582984
988675512
583531976
583531976
583531976
583531976
209582984
583531976
81657272
81657272
81657272
81657272
84806392
84806392
84806392
84806392
899284408
899284408
899284408
814349752
899284408
814349752
814349752
814349752
84806392
81657272
899284408
814349752
141425936
141425936
141425936
141425936
141425936
387708608
387708608
387708608
387708608
387708608
957742520
957742520
957742520
957742520
957742520
15859128
15859128
15859128
15859128
15859128
951713208
951713208
951713208
951713208
877903992
877903992
877903992
877903992
139065464
139065464
139065464
139065464
951713208
877903992
279313848
279313848
279313848
279313848
139620552
139620552
139620552
139620552
139065464
279313848
139620552
847904176
847904176
847904176
847904176
100859576
100859576
100859576
100859576
847904176
100859576
436600248
436600248
436600248
436600248
818281912
818281912
818281912
818281912
878145504
878145504
878145504
878145504
191032784
191032784
191032784
191032784
436600248
818281912
878145504
191032784
607873960
607873960
607873960
607873960
607873960
521272760
521272760
521272760
521272760
521272760
882506896
882506896
882506896
882506896
799000912
799000912
799000912
799000912
882506896
799000912
519962040
519962040
519962040
519962040
78367000
78367000
78367000
78367000
519962040
78367000
977141176
977141176
977141176
977141176
977141176
495111312
495111312
495111312
495111312
577633720
577633720
577633720
577633720
495111312
577633720
956956080
956956080
956956080
956956080
781319544
781319544
781319544
781319544
271056472
271056472
271056472
271056472
80465392
80465392
80465392
80465392
956956080
798096824
798096824
798096824
798096824
781319544
305528248
305528248
305528248
305528248
271056472
80465392
493223072
493223072
493223072
493223072
798096824
241040696
241040696
241040696
241040696
305528248
493223072
241040696
181920216
181920216
181920216
181920216
181920216
944373016
944373016
944373016
944373016
944373016
544341432
544341432
544341432
544341432
544341432
842137008
842137008
842137008
842137008
842137008
781581752
781581752
781581752
781581752
816709048
816709048
816709048
816709048
781581752
816709048
145620408
145620408
145620408
145620408
145620408
799413616
799413616
799413616
799413616
167968432
167968432
167968432
167968432
306141192
306141192
306141192
306141192
799413616
167968432
306141192
277478840
277478840
277478840
277478840
277478840
937819576
937819576
937819576
937819576
937819576
905575864
905575864
905575864
905575864
905575864
3832680
3832680
3832680
3832680
923139504
923139504
923139504
923139504
3832680
923139504
689368304
689368304
689368304
689368304
760872376
760872376
760872376
760872376
675728048
675728048
675728048
675728048
689368304
646582376
646582376
646582376
646582376
760872376
675728048
646582376
570621616
570621616
570621616
570621616
498582072
498582072
498582072
498582072
570621616
498582072
973471160
973471160
973471160
973471160
30539192
30539192
30539192
30539192
685374904
685374904
685374904
685374904
917634200
917634200
917634200
917634200
30539192
973471160
685374904
917634200
530656608
530656608
530656608
530656608
16973496
16973496
16973496
16973496
530656608
16973496
142474680
142474680
142474680
142474680
142474680
684588472
684588472
684588472
684588472
160038328
160038328
160038328
160038328
684588472
160038328
55967160
55967160
55967160
55967160
55967160
158727600
158727600
158727600
158727600
218758408
218758408
218758408
218758408
158727600
218758408
159579832
159579832
159579832
159579832
473300408
473300408
473300408
473300408
12451248
12451248
12451248
12451248
159579832
84134000
84134000
84134000
84134000
473300408
12451248
84134000
461766072
461766072
461766072
461766072
86921784
461766072
86921784
86921784
86921784
150339000
150339000
150339000
150339000
385220024
563740088
385220024
563740088
385220024
563740088
385220024
563740088
86921784
150339000
849477040
849477040
849477040
849477040
385220024
563740088
849477040
122854152
122854152
122854152
122854152
122854152
864943544
864943544
864943544
864943544
864943544
418250168
418250168
418250168
418250168
462552504
462552504
462552504
462552504
418250168
462552504
280100280
280100280
280100280
280100280
280100280
32667472
32667472
32667472
32667472
769523128
769523128
769523128
769523128
32667472
769523128
834862768
834862768
834862768
834862768
231603400
231603400
231603400
231603400
834862768
231603400
59699872
59699872
59699872
59699872
59699872
928382392
928382392
928382392
928382392
950402408
950402408
950402408
950402408
928382392
950402408
653393336
653393336
653393336
653393336
653393336
421133672
421133672
421133672
421133672
421133672
473824696
473824696
473824696
473824696
703200696
703200696
703200696
703200696
966180280
966180280
966180280
966180280
473824696
703200696
966180280
648412600
648412600
648412600
648412600
232127928
232127928
232127928
232127928
648412600
725810872
725810872
725810872
725810872
232127928
725810872
172883384
172883384
172883384
172883384
172883384
335412664
335412664
335412664
335412664
335412664
747240784
747240784
747240784
747240784
747240784
350354872
350354872
350354872
350354872
350354872
765590904
765590904
765590904
765590904
765590904
161349040
161349040
161349040
161349040
851311920
851311920
851311920
851311920
161349040
461569720
461569720
461569720
461569720
900996408
900996408
900996408
900996408
851311920
461569720
688258480
688258480
688258480
688258480
900996408
688258480
792919664
792919664
792919664
792919664
390725048
390725048
390725048
390725048
122722760
122722760
122722760
122722760
792919664
390725048
161086904
161086904
161086904
161086904
122722760
749075808
749075808
749075808
749075808
161086904
749075808
364510648
364510648
364510648
364510648
364510648
738851944
738851944
738851944
738851944
738851944
362675640
362675640
362675640
362675640
362675640
894565808
894565808
894565808
894565808
711589016
711589016
711589016
711589016
894565808
711589016
309198264
309198264
309198264
309198264
309198264
902559808
902559808
902559808
902559808
90570168
90570168
90570168
90570168
979893904
979893904
979893904
979893904
902559808
90570168
276692408
276692408
276692408
276692408
979893904
276692408
909301280
909301280
909301280
909301280
340655544
340655544
340655544
340655544
909301280
863108536
863108536
863108536
863108536
340655544
863108536
316669688
316669688
316669688
316669688
917225488
917225488
917225488
917225488
316669688
917225488
274098560
274098560
274098560
274098560
274098560
453639608
453639608
453639608
453639608
453639608
365161672
365161672
365161672
365161672
334364088
334364088
334364088
334364088
365161672
334364088
383909304
383909304
383909304
383909304
383909304
304873288
304873288
305004992
305004992
304873288
305004992
304873288
305004992
304873288
305004992
6548856
6548856
6548856
6548856
186777016
186777016
186777016
186777016
6548856
186777016
488766816
488766816
488766816
488766816
488766816
249036584
249036584
353632080
353632080
249677728
249677728
249036584
249677728
353665024
353665024
249036584
353632080
353665024
249677728
353632080
353665024
250478008
250478008
250478008
250478008
370015584
370015584
370015584
370015584
249677728
249036584
353632080
353665024
250478008
370015584
704380792
704380792
872311664
872311664
704380792
872311664
704380792
872311664
982646192
982646192
982646192
982646192
704380792
872311664
982646192
311164640
311164640
311164640
311164640
231997288
231997288
231849984
231849984
231849984
231997288
231849984
231997288
311164640
231849984
231997288
110755112
110755112
110755112
110755112
290717328
290717328
290717328
290717328
110755112
290717328
134872424
134872424
134872424
134872424
134872424
258473576
258473576
258473576
258473576
317365168
317365168
317365168
317365168
258473576
317365168
270925160
270925160
270925160
270925160
270925160
689831344
689831344
670958008
670958008
670958008
689831344
670958008
766560296
766560296
689831344
766560296
766560296
331349856
331349856
227409336
227409336
333344560
333344560
227409336
331349856
333344560
227409336
331349856
333344560
670958008
689831344
883045912
883045912
883045912
883045912
766560296
251573128
251573128
251573128
251573128
203947696
203947696
203947696
203947696
331349856
227409336
883045912
333344560
251573128
203947696
889060656
889060656
889060656
889060656
317640872
317640872
317640872
317640872
889060656
317640872
453901608
453901608
453901608
453901608
412745144
412745144
412745144
412745144
453901608
273678040
273678040
273678040
273678040
412745144
273678040
742391480
742391480
742391480
742391480
742391480
277872328
277872328
277872328
277872328
225312176
225312176
225312176
225312176
277872328
225312176
706346424
706346424
706346424
706346424
774110928
774110928
774110928
774110928
706346424
774110928
317089504
317089504
317089504
317089504
329252632
329252632
329384320
329384320
329252632
329384320
329252632
329384320
317089504
329384320
329252632
988804320
988804320
988804320
988804320
670564128
670564128
670023680
670023680
670023680
670564128
670023680
670564128
988804320
670023680
670564128
409468688
409468688
409600448
409600448
409468688
409600448
409468688
409600448
991690216
991690216
991690216
991690216
409600448
409468688
991690216
209190720
209190720
304494192
304494192
209190720
304494192
209190720
304494192
293338928
293338928
293406360
293406360
293338928
293406360
293338928
293406360
218627896
218627896
218773104
218773104
218627896
218773104
209190720
218627896
218773104
304494192
293338928
293406360
218627896
218773104
278658816
278658816
278658816
278658816
230882728
230882728
230882728
230882728
278658816
153319208
153319208
153319208
153319208
896251072
896251072
896251072
896251072
230882728
153319208
896251072
321650456
321650456
321782200
321782200
321650456
321782200
321650456
321782200
321650456
321782200
165281208
165281208
165281208
165281208
576323000
561658440
561658440
576323000
561658440
576323000
561658440
576323000
165281208
235077304
235077304
235077304
235077304
561658440
576323000
214564280
214564280
214564280
214564280
235077304
214564280
561946864
561946864
561946864
561946864
113638840
113638840
113638840
113638840
525991264
525991264
525991264
525991264
561946864
113638840
525991264
346228856
346228856
346228856
346228856
110038832
110038832
110038832
110038832
346228856
110038832
960233104
960233104
960233104
960233104
960233104
978976184
978976184
978976184
978976184
115735992
115735992
115735992
115735992
978976184
115735992
651034040
651034040
651034040
651034040
651034040
710488960
710488960
710488960
710488960
836442768
836442768
836442768
836442768
89591144
89591144
89591144
89591144
710488960
836442768
658740136
658740136
658740136
658740136
89591144
658740136
895876536
895876536
895876536
895876536
895876536
53110808
53110808
53110808
53110808
53110808
275119544
275119544
275119544
275119544
275119544
580779448
580779448
580779448
580779448
897187248
897187248
897187248
897187248
580779448
505544104
505544104
505544104
505544104
897187248
505544104
286419064
286419064
286419064
286419064
739900848
739900848
739900848
739900848
286419064
739900848
807016408
807016408
807016408
807016408
807016408
404893504
404893504
404893504
404893504
578158008
578158008
578158008
578158008
227671472
227671472
227671472
227671472
404893504
260962832
260962832
260962832
260962832
578158008
227671472
260962832
679673528
679673528
679673528
679673528
776863160
776863160
776863160
679673528
776863160
776863160
472380920
472380920
472380920
472380920
249915984
249915984
249915984
249915984
472380920
249915984
663616952
663616952
663616952
663616952
175504824
175504824
175504824
175504824
663616952
175504824
547749304
547749304
547749304
547749304
662568376
662568376
662568376
662568376
748027320
748027320
748027320
748027320
680523904
680523904
680523904
547749304
680523904
662568376
748027320
680523904
128609640
128609640
128609640
128609640
927137160
927137160
927137160
927137160
252313016
252313016
252313016
252313016
524156344
524156344
524156344
128609640
524156344
199097776
199097776
199097776
199097776
927137160
252313016
524156344
199097776
668856008
668856008
668856224
668856224
668856008
668856224
668856008
668856224
668856008
668856224
80608696
80608696
80608696
80608696
80608696
449707448
449707448
449707448
449707448
241827248
241827248
241827248
241827248
449707448
241827248
656014696
656014696
656014696
656014696
656014696
735300040
735300040
735300040
735300040
735300040
338161920
338161920
338161920
338161920
338161920
448147632
448147632
448147632
448147632
183238432
183238432
183370168
183370168
183238432
183370168
183238432
183370168
612892512
612892512
613024192
613024192
612892512
613024192
612892512
613024192
448147632
832786736
832786736
832786736
832786736
183238432
613024192
183370168
612892512
832786736
275381680
275381680
275381680
275381680
558234896
558234896
558234896
558234896
275381680
815491240
815491240
815491240
815491240
558234896
815491240
710147752
710147752
710147752
710147752
710147752
247332272
247332272
247332272
247332272
247332272
357564000
357564000
357564000
357564000
470801168
470801168
470801168
470801168
731774392
731774392
731774392
731774392
357564000
731774392
470801168
580255160
580255160
580255160
580255160
247674648
247674648
247674648
247674648
861797672
861797672
861797672
861797672
580255160
247674648
955121072
955121072
955121072
955121072
861797672
955121072
250773088
250773088
250773088
250773088
250773088
375520696
375520696
375520696
375520696
375520696
919583160
919583160
919583160
919583160
379452848
379452848
379452848
379452848
919583160
379452848
33946736
33946736
33946736
33946736
544079288
544079288
544079288
544079288
33946736
544079288
144047544
144047544
144047544
144047544
723778576
723778576
723778576
723778576
384813584
384813584
384813584
384813584
144047544
579468728
579468728
579468728
579468728
723778576
384813584
579468728
182165624
182165624
182165624
182165624
613875176
613875176
613875176
613875176
182165624
833007928
833007928
833007928
833007928
613875176
174849904
174849904
175244168
175244168
174849904
175244168
174849904
175244168
833007928
174849904
175244168
139328944
139328944
139328944
139328944
139328944
962198232
962198232
962198232
962198232
962198232
813038896
813038896
813038896
813038896
533711280
533711280
533711280
137101152
137101152
533711280
137232832
137232832
137101152
137232832
137101152
137232832
813038896
533711280
137101152
137232832
404356352
404356352
404356352
404356352
404356352
810417592
810417592
810417592
810417592
889192064
889192064
889192064
865812080
889192064
865812080
865812080
865812080
810417592
889192064
865812080
640810424
640810424
640810424
640810424
661797232
661797232
661797232
661797232
640810424
363462072
363462072
363462072
363462072
661797232
363462072
18349832
18349832
18481584
18481584
18349832
18481584
18349832
18481584
18481584
18349832
140667880
140667880
140667880
140667880
140667880
516816312
516816312
516816312
516816312
516816312
184745648
184745648
184745648
184745648
571866544
571866544
571866544
571866544
184745648
571866544
656788264
656788264
656788264
656788264
656788264
448302944
448302944
448302944
448302944
995753400
995753400
995753400
448302944
995753400
995753400
57277880
57277880
57277880
910857440
57277880
910857440
910857440
910857440
112590264
112590264
112590264
112590264
871578592
871578592
871578592
871578592
347471288
347471288
347471288
347471288
57277880
910857440
112590264
871578592
347471288
286129528
286129528
286129528
286129528
286129528
25951992
25951992
25951992
25951992
25951992
530031920
530031920
530031920
530031920
663092664
663092664
663092664
663092664
530031920
663092664
688062136
688062136
688062136
688062136
688062136
487194040
487194040
487194040
487194040
664403384
664403384
664403384
664403384
487194040
446048696
446048696
446048696
446048696
583400456
583400456
583400456
583400456
664403384
446048696
583400456
143654728
143654728
144049448
144049448
143654728
144049448
143654728
144049448
143654728
144049448
189506864
189506864
189506864
189506864
779616112
779616112
779747768
779747768
779616112
779747768
779616112
779747768
48364984
48364984
48364984
48364984
640417584
640417584
640450560
640450560
640417584
640450560
640417584
640450560
189506864
779616112
48364984
779747768
640450560
640417584
578289512
578289512
578421176
578421176
578289512
578421176
578289512
578421176
578289512
578421176
570045960
570045960
570045960
570045960
570045960
401472952
401472952
401472952
401472952
401472952
789315440
789315440
789709240
789709240
789315440
789709240
789315440
789709240
789315440
101449448
101449448
101449448
101449448
789709240
781451120
781451120
781642192
781642192
781451120
781642192
781451120
781642192
101449448
476315488
476315488
476447480
476447480
476315488
476447480
476315488
476447480
781451120
781642192
476315488
476447480
258151088
258151088
258151088
258151088
189267808
189267808
189399488
189399488
189267808
189399488
189267808
189399488
258151088
189267808
189399488
584843112
584843112
584974784
584974784
584843112
584974784
584843112
584974784
719191480
719191480
719191480
719191480
262668136
262668136
258108320
258108320
258108320
262668136
258108320
262668136
933363128
933363128
933363128
933363128
584843112
584974784
719191480
258108320
262668136
933363128
543424352
543424352
543569232
543569232
543424352
543569232
543424352
543569232
871104352
871104352
871236032
871236032
871104352
871236032
871104352
871236032
543424352
543569232
871104352
876336848
876336848
876336848
876336848
871236032
876336848
210501488
210501488
210683208
210683208
210501488
210683208
210501488
143130432
210683208
143130432
143262136
143262136
143130432
143262136
143130432
143262136
210501488
210683208
984219064
984219064
984219064
984219064
143130432
143262136
546742240
546742240
546742240
546742240
984219064
546742240
970063280
970063280
970063280
970063280
472645472
472645472
472790272
472790272
472645472
472790272
472645472
472790272
970063280
472645472
128843192
128843192
128843192
128843192
472790272
640922472
640922472
640922472
640922472
128843192
640922472
850846288
850846288
850846288
850846288
185728432
185728432
185728432
185728432
850846288
485620984
485620984
485620984
485620984
787480432
787480432
787612088
787612088
787480432
787612088
787480432
787612088
185728432
485620984
787480432
787612088
46661464
46661464
46793152
46793152
46661464
46793152
46661464
46793152
46661464
46793152
656276920
656276920
656276920
656276920
656276920
579599768
579599768
579599768
579599768
579599768
435627808
435627808
435627808
435627808
435627808
614989600
614989600
580558976
580558976
580558976
614989600
580558976
614989600
580558976
614989600
180879200
180879200
181010864
181010864
180879200
181010864
180879200
181010864
615382368
615382368
615382368
615382368
180879200
181010864
571473696
571473696
570059656
570059656
570059656
571473696
570059656
571473696
36929480
36929480
36929480
36929480
615382368
570059656
571473696
36929480
263585208
263585208
263585208
263585208
912523096
912523096
912667440
912667440
912523096
912667440
912523096
912667440
1000197184
1000197184
1000197184
1000197184
559939112
559939112
559939112
559939112
263585208
912523096
451101936
451101936
451101936
451101936
912667440
1000197184
559939112
451101936
519534744
519534744
519534744
519534744
338558392
338558392
338558392
338558392
519534744
338558392
981663416
981663416
981663416
981663416
981663416
546190856
546190856
546190856
546190856
546190856
913219928
913219928
913219928
913219928
913219928
616819968
616819968
616819968
616819968
498073280
498073280
498073280
498073280
616819968
498073280
421514048
421514048
421514048
421514048
936378200
936378200
913180336
913180336
913180336
936378200
913180336
936378200
421514048
913180336
936378200
676826728
676826728
676826728
676826728
266758488
266758488
266758488
266758488
425721704
425721704
426098816
426098816
425721704
426098816
425721704
426098816
676826728
266600304
266600304
267613312
267613312
266600304
267613312
266600304
267613312
266758488
425721704
426098816
266600304
267613312
368312160
368312160
368995872
368995872
368312160
368995872
368312160
368995872
368312160
206424936
206424936
206424936
206424936
368995872
206424936
195742656
195742656
195742656
195742656
195742656
824311224
824311224
824311224
824311224
126483896
126483896
126483896
126483896
824311224
730463672
730463672
730463672
730463672
126483896
396099432
396099432
396145752
396145752
396099432
396145752
396099432
396145752
730463672
396099432
396145752
976865424
976865424
976865424
976865424
789780760
789780760
789780760
789780760
976865424
789780760
179044168
179044168
179175864
179175864
179044168
179175864
179044168
179175864
179044168
179175864
904658720
904658720
904790456
904790456
904658720
904790456
904658720
904790456
751566632
751566632
751698368
751698368
751566632
751698368
751566632
751698368
282459504
282459504
282459504
282459504
904658720
904790456
777781088
777781088
777925888
777925888
777781088
777925888
777781088
777925888
87555928
87555928
88033336
88033336
87555928
88033336
87555928
88033336
751566632
282459504
751698368
777925888
777781088
87555928
88033336
235658912
235658912
235658912
235658912
235658912
200015688
200015688
200147384
200147384
200015688
200147384
200015688
200147384
200015688
200147384
330693880
330693880
330693880
330693880
858389936
858389936
858389936
858389936
330693880
858389936
490730944
490730944
490730944
490730944
490730944
830377744
830377744
830377744
830377744
830377744
381550008
381550008
381550008
381550008
751173256
751173256
751173256
751173256
628883272
628883272
661534304
661534304
628883272
661534304
628883272
661534304
381550008
751173256
628883272
661534304
197132136
197132136
197329592
197329592
197132136
197329592
197132136
197329592
746061608
746061608
746193336
746193336
746061608
746193336
943418160
943418160
746061608
943418160
746193336
943418160
197132136
197329592
47710048
47710048
49414576
49414576
47710048
49414576
47710048
49414576
860356456
860356456
860500784
860500784
860356456
860500784
860356456
860500784
746193336
746061608
943418160
47710048
49414576
860356456
860500784
404488040
404488040
404619712
404619712
404488040
404619712
404488040
404619712
833617768
833617768
833835888
833835888
833617768
833835888
833617768
833835888
404488040
404619712
833617768
58064312
58064312
58064312
58064312
833835888
58064312
725352176
725352176
725352176
725352176
204187952
204187952
204187952
204187952
725352176
204187952
946470328
946470328
946470328
946470328
471596888
471596888
471991816
471991816
471596888
471991816
471596888
471991816
946470328
471596888
471991816
245366632
245366632
245761256
245761256
245366632
245761256
245366632
245761256
245366632
245761256
413379256
413379256
413379256
413379256
222494392
222494392
222494392
222494392
413379256
222494392
146996912
146996912
146996912
146996912
953286064
953286064
953286064
953286064
146996912
237370808
237370808
237370808
237370808
953286064
237370808
756677960
756677960
756677960
756677960
756677960
886963560
886963560
886963560
886963560
243465912
243465912
243465912
243465912
886963560
744357296
744357296
744357296
744357296
243465912
623508920
623508920
623508920
623508920
744357296
623508920
183893432
183893432
183893432
183893432
405142968
405142968
405142968
183893432
405142968
405142968
349044152
349044152
349044152
349044152
349044152
459931064
459931064
459931064
459931064
737017264
737017264
737017264
737017264
619868056
619868056
619868056
619868056
459931064
737017264
619868056
176553392
176553392
176553392
176553392
889614656
889614656
889614656
889614656
176553392
222166448
222166448
222166448
222166448
327024056
327024056
327024056
327024056
889614656
222166448
130416056
130416056
130416056
130416056
327024056
130416056
562429360
562429360
562429360
562429360
562429360
465764024
465764024
465764024
465764024
465764024
288751032
288751032
288751032
288751032
218300088
218300088
218300088
218300088
288751032
940677680
940677680
940677744
940677744
940677680
940677744
940677680
218300088
940677744
940677680
940677744
323383592
323383592
323383592
323383592
323383592
290136296
290136296
290136296
290136296
117082704
117082704
117082704
117082704
319421880
319421880
319421880
319421880
290136296
117082704
455736760
455736760
455736760
455736760
319421880
133823920
133823920
133823920
133823920
455736760
322567600
322567600
322567600
322567600
133823920
209321392
209321392
209321392
209321392
174461160
174461160
174461160
174461160
322567600
209321392
174461160
475921848
475921848
475921848
475921848
475921848
318111160
318111160
318111160
318111160
318111160
204340656
204340656
204340656
204340656
285080960
285080960
285080960
285080960
204340656
285080960
94502320
94502320
94502320
94502320
285605016
285605016
285605016
285605016
94502320
285605016
246283696
246283696
246283696
246283696
178650552
178650552
178650552
178650552
246283696
178650552
252050864
252050864
252050864
252050864
909576808
909576808
909576808
909576808
521010608
521010608
521010608
521010608
252050864
909576808
949091760
949091760
949091760
949091760
521010608
163978680
163978680
163978680
163978680
949091760
481164720
481164720
481164720
825097528
481164720
825097528
825097528
825097528
163978680
481164720
825097528
990334024
990334024
990334024
990334024
990334024
152960432
152960432
152960432
152960432
152960432
438697392
438697392
438697392
438697392
438697392
631635376
631635376
631635376
631635376
228982192
228982192
228982192
228982192
631635376
228982192
155844016
155844016
155844016
155844016
944208280
944208280
944208280
944208280
155844016
944208280
686161328
686161328
686161328
686161328
686161328
896924920
896924920
896924920
896924920
664927672
664927672
664927672
664927672
231341496
231341496
231341496
231341496
896924920
664927672
567934240
567934240
567934240
567934240
231341496
567934240
255281184
255281184
255281184
868103344
255281184
868103344
868103344
868103344
255281184
868103344
437386672
437386672
437386672
437386672
960101584
960101584
960101584
960101584
437386672
960101584
377683632
377683632
377683632
377683632
377683632
752745816
752745816
752745816
752745816
752745816
80084400
80084400
80084400
80084400
80084400
946208184
946208184
946208184
946208184
417201584
417201584
417201584
417201584
269916736
269916736
269916736
269916736
427425200
427425200
427425200
427425200
946208184
814874048
814874048
814874048
814874048
417201584
492961144
492961144
492961144
492961144
269916736
427425200
814874048
492961144
390266544
390266544
390266544
390266544
554827184
554827184
554827184
554827184
390266544
554827184
684326328
684326328
684326328
684326328
429784496
429784496
429784496
429784496
684326328
429784496
846485816
846485816
846485936
846485936
846485816
846485936
846485816
846485936
846485816
442367408
442367408
442367408
442367408
846485936
670826360
670826360
670971488
670971488
670826360
670971488
670826360
670971488
66977208
66977208
66977208
66977208
442367408
670826360
408550832
408550832
408550832
670971488
408550832
66977208
408550832
480902584
480902584
480902584
480902584
480902584
562233008
562233008
562233008
562233008
562233008
409192536
409192536
409192536
409192536
721616496
721616496
721616496
721616496
896472040
896472040
896472040
896472040
228457904
228457904
228457904
228457904
409192536
721616496
697302848
697302848
698510176
698510176
697302848
698510176
697302848
698510176
896472040
228457904
698510176
697302848
199440480
199440480
199440480
199440480
937653512
937653512
937653512
937653512
199440480
937653512
256245424
256245424
256245424
256245424
256245424
498570232
498570232
498570232
498570232
386823128
386823128
386823128
386823128
329645488
329645488
329645488
329645488
498570232
386823128
329645488
158530760
158530760
158530760
158530760
158530760
296615352
296615352
296615352
296615352
296615352
85065144
85065144
85065144
85065144
85065144
299761072
299761072
299761072
299761072
253361472
253361472
253361472
243662256
253361472
243662256
243662256
243662256
976486240
976486240
971976752
971976752
971976752
976486240
971976752
976486240
182582712
182582712
182582712
182582712
299761072
253361472
329383288
329383288
329383288
329383288
243662256
971976752
976486240
182582712
329383288
164756912
164756912
164756912
164756912
669394736
669394736
669394736
669394736
164756912
669394736
13761968
13761968
13761968
13761968
388234936
388234936
388234936
13761968
388234936
388234936
955907512
955907512
955907512
955907512
683147032
683147032
669408432
669408432
669408432
683147032
669408432
683147032
955907512
669408432
10616248
10616248
10616248
10616248
683147032
10616248
997588408
997588408
997588408
997588408
997588408
878968672
878968672
872613848
872613848
872613848
878968672
145358256
145358256
872613848
145358256
878968672
145358256
398195888
398195888
398195888
398195888
961674680
961674680
961674680
961674680
853671352
853671352
853671352
853671352
872613848
878968672
145358256
961674680
393608424
393608424
393608424
393608424
398195888
853671352
525271600
525271600
525271600
525271600
393608424
6159792
6159792
6159792
6159792
525271600
6159792
973064832
973064832
973064832
973064832
973064832
82705848
82705848
82705848
82705848
82705848
461241784
461241784
461241784
461241784
350879096
350879096
350879096
350879096
995622664
995622664
995755760
995755760
995622664
995755760
995622664
995755760
461241784
670286120
670286120
670286120
670286120
995755760
350879096
995622664
670286120
962592512
962592512
962592512
962592512
962592512
277020216
277020216
277020216
277020216
277020216
772275840
772275840
772275840
772275840
127857864
127857864
127857864
127857864
772275840
127857864
21626288
21626288
21626288
21626288
296091056
296091056
296091056
296091056
135658936
135658936
135658936
135658936
21626288
296091056
135658936
9133368
9133368
9133368
9133368
579862336
579862336
170786192
170786192
579928064
170786192
579928064
579862336
579928064
170786192
579862336
579928064
709609576
665189808
665189808
709609576
665189808
709609576
563534080
563534080
665189808
563534080
770047416
709609576
770047416
563534080
259390896
770047416
259390896
259390896
770047416
259390896
17431984
17431984
17431984
411041056
411041056
17431984
411041056
910163824
910163824
411041056
938442752
938442752
910163824
938442752
910163824
938442752
756022984
428478016
756022984
428478016
428478016
756022984
756022984
428478016
9133368
170786192
579862336
197447488
197447488
197447640
197447640
197447488
197447640
579928064
197447488
197447640
665189808
709609576
563534080
770047416
17431984
259390896
411041056
938442752
910163824
197447488
428478016
756022984
197447640
838860568
838860568
839254712
839254712
838860568
839254712
838860568
839254712
956721016
956721016
956721016
956721016
39825096
39825096
39825096
39825096
838860568
61079264
61079264
61079264
61079264
839254712
956721016
39825096
61079264
814611888
814611888
814611888
814611888
814611888
113899640
113899640
113899640
113899640
113899640
673054136
673054136
673054136
673054136
940178864
940178864
940178864
940178864
432405936
432405936
432405936
432405936
728740616
728740616
728740616
742784432
742784432
728740616
742784432
742784432
753008048
753008048
970718832
753008048
970718832
970718832
753008048
970718832
673054136
940178864
432405936
728740616
742784432
753008048
970718832
162397552
162397552
162397552
162397552
701889976
880699704
701889976
880699704
701889976
880699704
701889976
880699704
162397552
701889976
880699704
720240048
720240048
720240048
720240048
720240048
417526808
417526808
417526808
417526808
524484272
524484272
524484272
524484272
417526808
524484272
400686520
400686520
400686520
400686520
400686520
184786888
184786888
184786888
184786888
223739312
223739312
223739312
223739312
184786888
700841392
700841392
700841392
700841392
223739312
700841392
316015480
316015480
316015480
316015480
507116872
507116872
507116872
507116872
608828848
608828848
608828848
608828848
612236728
612236728
612236728
564545544
564545544
612236728
564545544
564545544
314499680
314499680
314499680
314499680
316015480
507116872
608828848
612236728
564545544
953574720
953574720
953574720
953574720
314499680
953574720
680132016
680132016
680132016
680132016
680132016
880424008
880424008
880424008
880424008
661781936
661781936
661781936
661781936
880424008
661781936
768474552
768474552
768474552
768474552
768474552
848952752
848952752
848952752
848952752
497417656
497417656
497417656
497417656
680670488
680670488
680670488
680670488
714472888
714472888
714472888
714472888
464645968
848952752
464645968
464645968
464645968
680670488
497417656
714472888
464645968
575274416
575274416
575274416
575274416
592838008
592838008
592838008
628489480
592838008
628489480
628489480
814201272
814201272
628489480
814201272
614071728
814201272
614071728
614071728
614071728
575274416
935526064
935526064
935526064
935526064
592838008
628489480
814201272
614071728
935526064
66452920
66452920
66452920
66452920
817757616
817757616
817757616
817757616
66452920
659160496
659160496
659160496
659160496
929692704
929692704
929692704
817757616
929692704
659160496
929692704
828637040
828637040
836122400
836122400
828637040
836122400
828637040
836122400
828637040
836122400
77462864
77462864
77462864
77462864
51096608
51096608
51096608
51096608
77462864
51096608
898235824
898235824
898235824
898235824
848559984
848559984
848967800
848967800
848559984
848967800
848559984
848967800
898235824
679345584
679345584
679345584
679345584
986578352
986578352
986578352
986578352
203292080
203292080
203292080
848559984
203292080
766901616
766901616
766901616
766901616
848967800
679345584
986578352
203292080
766901616
22150576
22150576
22150576
22150576
7278344
7278344
7278344
7278344
454426032
454426032
454426032
454426032
22150576
7278344
25558448
25558448
25558448
25558448
454426032
25558448
906886576
906886576
906886576
906886576
665976240
665976240
665976240
665976240
665976240
906886576
249429224
249429224
249429224
249429224
249429224
875691448
875691448
875691448
875691448
643693808
643693808
643693808
643693808
875691448
643693808
497679792
497679792
497679792
497679792
890371504
890371504
890371504
441843128
441843128
890371504
441843128
441843128
497679792
890371504
441843128
378404272
378404272
378404272
378404272
591003064
990772552
591003064
990772552
591003064
990772552
591003064
356383912
990772552
356383912
356383912
356383912
378404272
591003064
990772552
356383912
791805360
791805360
791805360
791805360
791805360
754842920
754842920
754842920
754842920
455998896
455998896
455998896
455998896
754842920
455998896
101317928
101317928
101317928
101317928
101317928
916061616
916061616
916061616
916061616
572256456
572256456
572256456
572256456
71695632
71695632
71695632
71695632
154533152
154533152
154533152
154533152
916061616
973274800
973274800
973274800
973274800
572256456
597818800
154533152
597818800
597818800
597818800
71695632
973274800
597818800
845020592
845020592
845020592
845020592
845020592
894303664
894303664
894303664
894303664
288620152
288620152
288620152
288620152
963247544
963247544
963247544
963247544
211942832
211942832
211942832
211942832
894303664
288620152
963247544
211942832
907410736
907410736
907410736
907410736
907410736
60279192
60279192
60279192
60279192
10878384
10878384
10878384
10878384
60279192
286391728
286391728
286391728
286391728
10878384
286391728
972684728
972684728
972684728
972684728
972684728
188087728
188087728
188087728
188087728
9567664
9567664
9567664
9567664
188087728
9567664
459523352
459523352
459523352
459523352
459523352
523631888
523631888
523631888
523631888
650363016
650363016
650363016
650363016
201194928
201194928
201194928
201194928
749687944
749687944
749687944
749687944
523631888
650363016
201194928
749687944
153615832
153615832
153615832
153615832
860799472
860799472
860799472
860799472
165019056
165019056
165019056
165019056
153615832
860799472
193134256
193134256
193134256
193134256
11402672
11402672
11402672
11402672
165019056
824049072
824049072
824049072
824049072
193134256
11402672
824049072
283770288
283770288
283770288
283770288
283770288
725220712
725220712
725220712
725220712
65982312
65982312
65982312
65982312
725220712
65982312
309984624
309984624
309984624
309984624
356712112
356712112
356712112
356712112
309984624
356712112
960363952
960363952
960363952
960363952
986409992
986409992
986409992
986409992
164232624
164232624
164232624
164232624
587969800
20839864
587969800
20839864
587969800
20839864
20839864
587969800
960363952
986409992
164232624
20839864
587969800
518913456
518913456
518913456
518913456
518913456
683337464
683337464
683337464
683337464
319485864
319485864
319485864
319485864
683337464
319485864
154402664
154402664
154797032
154797032
154402664
154797032
154402664
154797032
154402664
154797032
988236944
988236944
988236944
988236944
919731448
919731448
919731448
919731448
639591320
639591320
639591320
639591320
919731448
988236944
325451184
325451184
325451184
325451184
775902488
775902488
639591320
775902488
775902488
38665504
38665504
38665504
323910792
323910792
38665504
323910792
323910792
325451184
775902488
38665504
323910792
91880888
91880888
91880888
91880888
840302008
840302008
840302008
840302008
402610536
402610536
402610536
402610536
678615376
678615376
678615376
678615376
91880888
840302008
402610536
678615376
603423120
603423120
603423120
603423120
603423120
596770008
596770008
596770008
596770008
818544048
818544048
818544048
818544048
596770008
818544048
416494760
416494760
416494760
416494760
843709872
843709872
843709872
843709872
416494760
843709872
35257784
35257784
35257784
35257784
937032952
937032952
937032952
937032952
35257784
937032952
200408408
200408408
200408408
200408408
47185568
47185568
47185568
47185568
200408408
47185568
115605352
115605352
116013016
116013016
115605352
116013016
115605352
116013016
561512048
561512048
561512048
561512048
115605352
116013016
561512048
99352424
99352424
99484088
99484088
99352424
99484088
99352424
99484088
99352424
99484088
94371688
94371688
95317752
95317752
94371688
95317752
94371688
95317752
113246056
113246056
83768856
83768856
83768856
83768856
113344512
113344512
113246056
113344512
113246056
113344512
393383144
393383144
393383144
393383144
94371688
95317752
83768856
113246056
113344512
73138024
73138024
72821176
72821176
72821176
73138024
72821176
73138024
393383144
72821176
73138024
239599352
239599352
239599352
239599352
73896704
73896704
73896704
73896704
239599352
73896704
114032480
114032480
114164152
114164152
114032480
114164152
114032480
114164152
850132608
850132608
850132608
850132608
114032480
850132608
114164152
41680696
41680696
41825952
41825952
41680696
41825952
41680696
41825952
113475880
113475880
113475880
113475880
41680696
411565920
411565920
405447496
405447496
405447496
411565920
405447496
411565920
275251008
275251008
275382712
275382712
275251008
275382712
275251008
275382712
41825952
113475880
405447496
411565920
275251008
275382712
131071800
131071800
131203520
131203520
131071800
131203520
131071800
131203520
131071800
131203520
706051424
706051424
706051424
706051424
706051424
605814560
605814560
605946296
605946296
605814560
605946296
605814560
605946296
605946296
605814560
136314712
136314712
136500600
136500600
136314712
136500600
136314712
136500600
136314712
212204848
212204848
212204848
212204848
136500600
958044624
958044624
958044624
958044624
272235824
272235824
272235824
212204848
272235824
958044624
272235824
168808368
168808368
168808368
168808368
959142400
959142400
959142400
959142400
168808368
241696600
241696600
241828280
241828280
241696600
241828280
241696600
241828280
959142400
976996944
976996944
976996944
976996944
136486896
136486896
136486896
136486896
241696600
241828280
976996944
136486896
926809528
926809528
926809528
926809528
926809528
101973856
101973856
102105528
102105528
101973856
102105528
101973856
102105528
967207256
967207256
967207256
967207256
101973856
102105528
967207256
729415088
729415088
729415088
729415088
729415088
432668080
432668080
432668080
432668080
432668080
255720880
255720880
255720880
255720880
555220816
555220816
555615360
555615360
555220816
555615360
555220816
555615360
255720880
555220816
555615360
279630528
279630528
279630528
279630528
279630528
47840608
47840608
47840608
47840608
636353976
636353976
636353976
636353976
47840608
168506616
168506616
168506616
168506616
636353976
168506616
622198192
622198192
622198192
622198192
622198192
246807984
246807984
246807984
246807984
703462832
703462832
703462832
703462832
341751576
341751576
341751576
341751576
763559600
763559600
763559600
763559600
246807984
703462832
341751576
763559600
522658232
522658232
522658232
522658232
782237352
782237352
782237352
782237352
576060848
576060848
576060848
576060848
522658232
782237352
576060848
138017152
138017152
138017152
138017152
138017152
279183104
279183104
279183104
279183104
279183104
708181424
708181424
708181424
708181424
708181424
957480016
957480016
957480016
957480016
957480016
619052464
619052464
619052464
619052464
619052464
155057592
155057592
155057592
155057592
155057592
932052400
932052400
932052400
932052400
709033648
709033648
709033648
709033648
943286848
943286848
943286848
943286848
932052400
709033648
943286848
44432504
44432504
44432504
44432504
44432504
861011376
861011376
861011376
861011376
692452784
692452784
692452784
692452784
861011376
589168056
589168056
589168056
589168056
692452784
124386736
124386736
124386736
124386736
589168056
124386736
187343352
187343352
187343352
187343352
217172968
217172968
217172968
217172968
985005336
985005336
985005336
985005336
534379952
534379952
534379952
534379952
187343352
753532336
753532336
753532336
753532336
217172968
985005336
534379952
753532336
649330416
649330416
649330416
649330416
649330416
911342952
911342952
911342952
911342952
479067568
479067568
479067568
479067568
911342952
479067568
939392432
939392432
939392432
939392432
939392432
582352312
582352312
582352312
582352312
582352312
472775952
472775952
472775952
472775952
597556656
597556656
597556656
597556656
472775952
48102608
48102608
48102608
48102608
597556656
48102608
692977072
692977072
692977072
692977072
692977072
603061680
603061680
603061680
603061680
889388496
889388496
889388496
889388496
603061680
889388496
607031680
607031680
607031680
607031680
148503984
148503984
148503984
148503984
907115944
907115944
907115944
907115944
607031680
148503984
907115944
717618384
717618384
717618384
717618384
717618384
32536144
32536144
32536144
32536144
32536144
792263144
792263144
792263144
792263144
792263144
22228200
22228200
22228200
22228200
729939448
729939448
729939448
729939448
22228200
729939448
65666480
65666480
65666480
65666480
808189696
808189696
808189696
808189696
808321800
808321800
808321800
808321800
65666480
808321800
808321808
808321808
808321808
808321808
605683048
605683048
605683048
605683048
808189696
808321808
605683048
422182320
422182320
422182320
422182320
851967688
851967688
851967688
851967688
422182320
851967688
996277680
996277680
996277680
996277680
629382776
629382776
629382776
629382776
208272440
208272440
208272440
996277680
208272440
411696416
411696416
411696416
411696416
629382776
208272440
411696416
508529936
508529936
508529936
508529936
752090872
752090872
752090872
752090872
508529936
752090872
430702376
430702376
430834104
430834104
430702376
430834104
430702376
430834104
430702376
430834104
5376888
5376888
5376888
5376888
5376888
805502640
805502640
805502640
805502640
805503664
805503664
805503664
805503664
8584880
8584880
8584880
8584880
805502640
188716696
188716696
188716696
188716696
805503664
805503232
805503232
805503232
805503232
8584880
858127792
858127792
858127792
858127792
442699616
442699616
442699616
442699616
188716696
805503232
805503240
805503240
805503240
805503240
858127792
112171592
112171592
112171592
112171592
442699616
72769168
72769168
72769168
72769168
805503240
805503496
805503496
805503496
805503496
112171592
72769168
805503496
605420912
605420912
605420912
605420912
323779280
323779280
323779280
323779280
120454512
120454512
120454512
120454512
605420912
323779280
120454512
72351480
72351480
72351480
72351480
72351480
778989552
778989552
778989552
778989552
899808688
899808688
899808688
899808688
778989552
867330408
867330408
867330408
867330408
899808688
867330408
445513136
445513136
445513136
445513136
445513136
876805616
876805616
876805616
876805616
443285360
443285360
443444160
443444160
443285360
443444160
443285360
443444160
876805616
399375672
399375672
399375672
399375672
106954360
106954360
106954360
106954360
443285360
443444160
399375672
106954360
699268528
699268528
699268528
699268528
699268528
97396728
97396728
97396728
97396728
807795992
807795992
807795992
807795992
97396728
807795992
785251768
785251768
785251768
785251768
480247488
480247488
480247488
480247488
785251768
480247488
499776944
499776944
499776944
499776944
499776944
659684792
659684792
659684792
659684792
614596016
614596016
614596016
614596016
659684792
127664616
127664616
127664616
127664616
193986416
193986416
194119760
194119760
193986416
194119760
614596016
193986416
194119760
56229304
56229304
56229304
56229304
127664616
193986416
194119760
56229304
27786272
27786272
27786272
27786272
27786272
408026424
408026424
408026424
408026424
367932872
367932872
367932872
367932872
408026424
921960288
921960288
937345024
937345024
921960288
937345024
921960288
937345024
367932872
921960288
937345024
257555896
257555896
257555896
257555896
257555896
966393088
966393088
966393088
966393088
446299568
446299568
446299568
446299568
732298672
732298672
732298672
732298672
966393088
446299568
732298672
214930744
214930744
214930744
214930744
257031608
257031608
257031608
257031608
214930744
257031608
730857240
730857240
730988992
730988992
730857240
730988992
730857240
730988992
730988992
168164456
168164456
168164456
168164456
730857240
168164456
786136048
786136048
786136048
786136048
786136048
247070128
247070128
247070128
247070128
247070128
962985392
962985392
962985392
962985392
962985392
733216552
733216552
733348280
733348280
733216552
733348280
733216552
733348280
733216552
208797032
208797032
208797032
208797032
733348280
238419376
238419376
238419376
238419376
208797032
248905072
248905072
248905072
248905072
238419376
637926840
637926840
637926840
637926840
248905072
637926840
165543304
165543304
165543304
165543304
101055928
101055928
101055928
101055928
189136304
189136304
189136304
189136304
165543304
101055928
189136304
645791160
645791160
645791160
645791160
184942008
184942008
184942008
184942008
645791160
184942008
732560672
732560672
732560672
732560672
732560672
804650416
804650416
804650416
804650416
804650416
148766056
148766056
148766056
148766056
148766056
625868208
625868208
625868208
625868208
171048376
171048376
171048376
171048376
625868208
171048376
638320368
638320368
638320368
638320368
336985520
336985520
336985520
336985520
638320368
21888376
21888376
21888376
21888376
336985520
216923576
216923576
216923576
216923576
21888376
506068272
506068272
506068272
506068272
216923576
506068272
440925976
440925976
808844720
808844720
441595424
441595424
808844720
440925976
441595424
808844720
440925976
441595424
990510424
990510424
990510424
990510424
808844720
701365688
701365688
701365688
701365688
441595424
440925976
990510424
701365688
382467808
382467808
382467808
382467808
382467808
916848048
916848048
916848048
916848048
825461936
825461936
825461936
825461936
916848048
413793712
413793712
413793712
413793712
825461936
922615216
922615216
922615216
922615216
413793712
922615216
131726776
131726776
131726776
131726776
131726776
617086728
617086728
617218488
617218488
617086728
617218488
617086728
617218488
617218488
860224944
860224944
860224944
860224944
617086728
805830408
805830408
806061000
860224944
806061000
805830408
806061000
805830408
806061000
806061000
805830408
314178872
314178872
314178872
314178872
314178872
186514864
186514864
186514864
186514864
560467376
560467376
560467376
560467376
186514864
560467376
23029928
23029928
706182944
706182944
23029928
706182944
23029928
706182944
511049136
511049136
511049136
511049136
934935984
934935984
934935984
934935984
23029928
706182944
511049136
934935984
933625264
933625264
933625264
933625264
933625264
945244368
945244368
945244368
945244368
607519888
607519888
607519888
607519888
872283568
872283568
872283568
872283568
945244368
607519888
872283568
742260144
742260144
742260144
742260144
742260144
492436912
492436912
492436912
492436912
492437936
492437936
492437936
492437936
492437936
492436912
155385520
155385520
155385520
155385520
492437856
492437856
492437856
492437856
155385520
492437856
814373368
814373368
814373368
814373368
464255168
464255168
464255168
464255168
814373368
464255168
748813600
748813600
748813600
748813600
748813600
5635360
5635360
5635360
5635360
772406072
772406072
772406072
772406072
5635360
772406072
181271984
181271984
181271984
181271984
181271984
7781776
7781776
7781776
7781776
7781776
827456952
827456952
827456952
827456952
525466912
525466912
525466912
525466912
827456952
525466912
265289432
265289432
265289432
265289432
123862448
123862448
123862448
123862448
265289432
123862448
611188144
611188144
611188144
611188144
361627064
361627064
361627064
361627064
611188144
903478552
903478552
903478552
903478552
361627064
903478552
463076792
463076792
463076792
463076792
298712496
298712496
298712496
298712496
463076792
298712496
18742704
18742704
18742704
18742704
18742704
851049912
851049912
851049912
851049912
851049912
968228160
968228160
968228160
968228160
666500528
666500528
666500528
666500528
968228160
666500528
136183216
136183216
136183216
136183216
320732592
320732592
320732592
320732592
320733248
320733248
320733248
320733248
136183216
865729968
865729968
865729968
865729968
320732592
320733248
865729968
320733504
320733504
320733504
320733504
320733504
719977912
719977912
719977912
719977912
719977912
268828088
268828088
268828088
268828088
268828088
527302072
527302072
527302072
527302072
835552992
835552992
835552992
835552992
348519856
348519856
348519856
348519856
181009848
181009848
181009848
181009848
527302072
835552992
348519856
181009848
207224240
207224240
207224240
207224240
207224240
686685616
686685616
686685616
686685616
686685616
251264432
251264432
251264432
251264432
251264432
960888240
960888240
960888240
960888240
960888240
363199920
363199920
363199920
363199920
161873328
161873328
161873328
161873328
718142896
718142896
718142896
718142896
363199920
49937840
49937840
49937840
49937840
161873328
718142896
49937840
992869808
992869808
992869808
992869808
992870832
992870832
992870832
992870832
616955216
616955216
616955216
616955216
992869808
992870832
992870408
992870408
992870408
992870408
999685552
999685552
999685552
616955216
999685552
992870408
992870400
992870400
992870400
992870400
979265312
979265312
979265312
979265312
999685552
992870400
992870416
979265312
992870416
992870416
992870416
992870416
992870672
992870672
992870672
992870672
225443648
225443648
225575344
225575344
225443648
225575344
225443648
225575344
992870672
225443648
225575344
31642328
31642328
31642328
31642328
31642328
124124600
124124600
124124600
124124600
200986976
200986976
200986976
200986976
124124600
200986976
973733296
973733296
973733296
973733296
969276856
969276856
969276856
969276856
973733296
137887560
137887560
138019256
138019256
137887560
138019256
137887560
138019256
370824392
370824392
370824392
370824392
969276856
138019256
137887560
370824392
676199856
676199856
676199856
676199856
666762672
666762672
666762672
666762672
41287088
41287088
41287088
41287088
676199856
666762672
41287088
949921872
949921872
949921872
949921872
677248440
677248440
677248440
677248440
949921872
735706544
735706544
735706544
735706544
677248440
735706544
173276928
173276928
173276928
173276928
173276928
375782832
375782832
375782832
375782832
375782832
939208768
939208768
939208768
939208768
938081480
938081480
938081480
938081480
939208768
938081480
816971192
816971192
816971192
816971192
397016496
397016496
397016496
397016496
816971192
144076328
144076328
144076328
144076328
266338056
266338056
236126208
236126208
236126208
266338056
236126208
266338056
397016496
144076328
236126208
380239288
380239288
380239288
380239288
266338056
305003960
305003960
305003960
305003960
380239288
305003960
49282744
49282744
49282744
49282744
49282744
366083512
366083512
366083512
366083512
366083512
338820536
338820536
338820536
338820536
338820536
797572528
797572528
797572528
797572528
710668888
710668888
710668888
710668888
797572528
375258552
375258552
375258552
375258552
710668888
375258552
185990584
185990584
185990584
185990584
749862320
749862320
749862320
749862320
185990584
749862320
313769080
313769080
313769080
313769080
313769080
842923440
842923440
842923440
842923440
842923440
496500216
496500216
496500216
496500216
496500216
203029944
203029944
203029944
203029944
203029944
859176376
859176376
859176376
859176376
832482288
832482288
832482288
832482288
471203256
471203256
471203256
471203256
859176376
832482288
471203256
354024880
354024880
354024880
354024880
354024880
73530808
73530808
73530808
73530808
504233392
504233392
504233392
73530808
504233392
652082608
652082608
652082608
652082608
504233392
708008168
708008168
708008168
708008168
652082608
965169040
965169040
965169040
965169040
708008168
965169040
278265264
278265264
278265264
278265264
278265264
914750896
914750896
914750896
914750896
712113584
712113584
712113584
712113584
914750896
712113584
216792760
216792760
216792760
216792760
216792760
749338032
749338032
749338032
749338032
474356856
474356856
474356856
474356856
749338032
474356856
709230008
709230008
709230008
709230008
366607800
366607800
366607800
366607800
709230008
366607800
358481272
358481272
358481272
358481272
100887520
100887520
100887520
100887520
674626992
674626992
674626992
674626992
358481272
283508080
283508080
283508080
283508080
100887520
863370672
863370672
863370672
863370672
674626992
283508080
863370672
616431024
616431024
616431024
616431024
616431024
452198232
452198232
452329912
452329912
452198232
452329912
255458744
255458744
452198232
255458744
255458744
452329912
452198232
255458744
452329912
522321336
522321336
522321336
522321336
396361432
396361432
396361432
396361432
522321336
396361432
246021560
246021560
246021560
246021560
337101088
337101088
337101088
337101088
246021560
337101088
966655256
966655256
966655256
966655256
43515552
43515552
43515552
43515552
966655256
806223280
806223280
806223280
806223280
43515552
806223280
360709984
360709984
360907448
360907448
360709984
360907448
360709984
360907448
360709984
238157240
238157240
238157240
238157240
360907448
752483768
752483768
752483768
752483768
733609400
733609400
733609400
733609400
238157240
752483768
733609400
875167072
875167072
875167072
875167072
875167072
405667248
405667248
405667248
405667248
405667248
759823800
759823800
759823800
759823800
759823800
776600872
776600872
776600872
776600872
776600872
244186552
244186552
244186552
244186552
790756792
790756792
790756792
790756792
244186552
790756792
550108600
550108600
550108600
550108600
550108600
102760232
102760232
100860560
100860560
100860560
102760232
100860560
102760232
745930088
745930088
745930088
745930088
678034768
678034768
678034768
678034768
611974576
611974576
611974576
611974576
100860560
102760232
680394024
680394024
680394024
680394024
745930088
678034768
611974576
680394024
550370680
550370680
550370680
550370680
550370680
332791224
332791224
332791224
332791224
332791224
220982392
220982392
220982392
220982392
220982392
518127016
518127016
518127016
518127016
518127016
964165416
964165416
964559288
964559288
964165416
964559288
964165416
964559288
220331448
220331448
220331448
220331448
964165416
964559288
830996272
830996272
831127984
831127984
830996272
831127984
830996272
831127984
220331448
341573456
341573456
341752608
341752608
341573456
341752608
341573456
341752608
830996272
831127984
341573456
341752608
132775352
132775352
132775352
132775352
132775352
995229112
995229112
995229112
995229112
458882488
458882488
458882488
458882488
995229112
458882488
965037520
965037520
965037520
965037520
917432496
917432496
917432496
917432496
273284536
273284536
273284536
273284536
965037520
917432496
273284536
458096056
458096056
458096056
458096056
458096056
846331320
846331320
846331320
846331320
640607056
640607056
640607056
640607056
846331320
640607056
48889264
48889264
48889264
48889264
870565376
870565376
870565376
870565376
48889264
870565376
624557496
624557496
624557496
624557496
3538360
3538360
3538360
3538360
465173944
624557496
465173944
465173944
465173944
3538360
465173944
476708272
476708272
476708272
476708272
813301176
813301176
813301176
813301176
476708272
813301176
173145416
173145416
173145416
173145416
173146008
173146008
173146008
173146008
55442872
55442872
55442872
55442872
428998064
428998064
428998064
428998064
173146008
173145416
55442872
428998064
390987192
390987192
390987192
390987192
782105840
782105840
782105840
782105840
390987192
782105840
184155576
184155576
184155576
184155576
184155576
592313784
592313784
592313784
592313784
874422064
874422064
874422064
874422064
464387464
464387464
464387464
464387464
592313784
874422064
464387464
525860584
525860584
525860584
929168816
929168816
525860584
929168816
929168816
896007896
896007896
896007896
896007896
525860584
929168816
896007896
202243512
202243512
202243512
202243512
202244536
202244536
202244536
202244536
202243512
202244536
202244104
202244104
202244104
202244104
202244104
202244096
202244096
202244096
202244096
681514688
681514688
681514688
681514688
202244096
258866616
258866616
258866616
258866616
623339744
623339744
623339744
623339744
991821240
991821240
202244112
991821240
202244112
991821240
202244112
202244112
681514688
258866616
623339744
991821240
202244112
325713336
325713336
325713336
325713336
202244368
202244368
202244368
202244368
86640248
86640248
86640248
86640248
325713336
52690464
52690464
52690464
52690464
202244368
86640248
52690464
786946272
786946272
786946272
786946272
9682800
9682800
9682800
9682800
786946272
9682800
217710008
217710008
217710008
217710008
993656240
993656240
993656240
993656240
217710008
993656240
186646096
186646096
186646096
186646096
55180728
55180728
55180728
55180728
186646096
55180728
120716720
120716720
120716720
120716720
667286968
667286968
131988920
667286968
131988920
131988920
667286968
131988920
120716720
667286968
131988920
102104496
102104496
102104496
102104496
654179768
654179768
654179768
654179768
102104496
167378360
167378360
167378360
654179768
167378360
167378360
658111920
658111920
658111920
658111920
927595840
927595840
927595840
927595840
658111920
927595840
493747640
493747640
493747640
493747640
82505832
82505832
82506000
82506000
82505832
82506000
82505832
82506000
493747640
82505832
82506000
551527296
551527296
551527296
551527296
667549112
667549112
667549112
667549112
823365264
823365264
823365264
823365264
551527296
667549112
823365264
735968696
735968696
735968696
735968696
812548768
812548768
812548768
812548768
735968696
758775216
758775216
758775216
758775216
812548768
758775216
330169784
330169784
330169784
330169784
330846248
330846248
330846248
330846248
330169784
330846248
987626928
987626928
987626928
987626928
987626928
719715768
719715768
719715768
719715768
719715768
376831416
376831416
376831416
376831416
376831416
638451128
638451128
638451128
638451128
421920184
421920184
421920184
421920184
716570040
716570040
716570040
716570040
638451128
421920184
716570040
333315512
333315512
333315512
333315512
315489552
315489552
315489552
315489552
742588088
742588088
742588088
742588088
333315512
758379864
758379864
758379864
758379864
315489552
742588088
758379864
804199952
804199952
804199952
804199952
804199952
136707504
136707504
